2.669033 1.151171
2.942910 2.791786
3.385381 2.986357
5.412113 2.562850
6.835157 5.094538
7.321181 4.515113
6.835507 5.494841
7.784151 7.090788
10.526475 6.264819
10.606402 4.323690
10.804346 7.365328
15.412443 8.240247
14.309746 7.458013
15.122283 9.462279
15.746025 10.891756
15.779746 9.123763
18.052429 8.046066
19.565421 10.577794
20.080701 11.794708
22.043689 12.302185
21.531176 11.953408
23.353453 11.243199
22.963969 12.573037
25.077669 15.290930
26.797263 13.557499
26.370909 16.033796
30.733540 15.167439
28.521135 14.087346
30.974988 16.289719
32.165408 15.591294
32.240575 16.345954
34.274955 16.948809
33.912591 17.652180
35.993963 18.928436
34.995815 18.367312
35.954290 20.005707
38.331954 18.364587
37.093160 20.459601
40.697193 21.168803
39.456204 19.948198
42.867078 21.854627
42.613758 23.816204
43.203536 23.135441
45.417806 24.319880
45.145647 24.357319
49.748467 22.987023
48.433979 24.770232
48.172914 24.668017
50.497900 28.315626
50.206174 27.040960
51.440939 28.976566
53.544660 27.362094
54.619876 27.994417
56.107199 28.314410
54.878582 29.246450
58.561037 28.303378
57.757655 31.004828
57.079874 31.125446
60.752960 31.213484
60.229766 31.492865
62.093187 32.935251
63.663518 32.149767
65.619877 32.949167
64.187303 33.061580
66.858610 34.195216
67.888862 34.569222
70.486821 33.334357
68.584072 35.415775
70.089252 37.456147
71.219454 36.385123
72.068602 37.751495
72.310573 37.950814
72.434975 37.921204
74.058208 37.847138
76.282529 37.874921
76.011026 37.984141
75.771490 39.848478
80.162744 40.318064
79.766046 39.953266
82.583319 41.250587
83.294019 42.361980
82.736947 43.582144
84.982434 42.888556
86.295951 45.281295
85.934385 43.744319
87.404638 44.851757
88.807511 44.744410
89.715113 46.548597
90.177549 46.153298
89.745676 45.327199
90.538558 45.755712
92.844901 45.885086
96.246065 48.739281
92.932355 47.345449
95.892808 47.287121
96.540105 50.591000
97.836120 49.932760
97.998408 49.944339
98.648444 51.364211
100.547792 52.283366
103.237237 53.077198
102.965159 51.996013
102.775981 53.118509
105.959474 53.159070
105.826682 54.616301
107.863919 53.083086
108.199952 55.195827
108.848868 56.392784
109.635810 55.173811
111.276011 56.959797
111.782493 57.796123
111.481977 56.425083
110.927834 58.521407
114.008976 58.246874
117.009265 59.051012
116.559567 58.651531
117.759629 60.602929
117.483746 60.431651
120.782393 59.579274
121.669365 62.183237
121.117864 60.495491
123.433139 63.308256
124.578938 63.762849
123.817873 64.083848
125.419990 63.438633
125.444104 65.600208
128.175058 66.003611
130.511008 64.362761
130.643018 65.987240
131.914260 67.607695
132.820471 66.182388
132.873515 67.764143
137.158528 69.226617
137.320635 68.914498
136.211832 69.613167
136.472223 70.741601
137.842369 68.626398
139.870838 68.931467
138.155747 71.288410
140.049089 70.589268
141.838051 71.511098
142.777218 72.772066
142.831469 71.775766
142.900521 73.109757
146.664282 73.297736
147.501328 75.040314
148.990751 75.989378
148.311159 74.643162
150.048390 75.335147
152.452742 77.879846
152.095136 76.572873
153.510808 76.843726
153.874983 77.469533
155.105586 79.628350
156.742478 80.143603
156.085286 79.679802
157.016652 80.384829
159.325698 81.796310
161.099229 81.653223
160.494927 81.024006
159.948439 81.551695
161.448803 83.429826
164.901940 83.138287
164.621592 83.643064
167.605039 85.349116
166.551558 84.668411
166.879503 85.400731
169.739063 86.400045
168.468782 86.504621
170.135785 86.123445
172.788010 87.298206
172.836258 88.106733
175.634499 87.376506
173.649900 87.337759
175.055721 88.328789
177.576681 87.414230
178.235964 89.221579
180.099562 89.644436
180.007558 90.062414
180.318440 91.239861
181.771205 91.475187
184.128319 93.050139
185.855147 92.722701
186.066631 91.400761
186.638484 94.371465
186.625821 95.195348
188.877629 96.033606
189.419791 96.101069
189.325982 94.904822
190.732383 96.686550
192.950945 96.209481
192.510522 100.474474
193.377415 99.920303
195.961149 97.942197
195.893445 98.784839
197.473490 100.865641
196.362196 102.023729
199.777789 99.951098
199.873989 101.299580
201.296171 102.700783
203.090173 101.641297
202.870072 103.233738
204.120332 104.136331
204.313227 103.971683
206.288342 105.391855
205.654498 104.500747
208.053495 102.658095
210.248095 108.309232
209.767815 106.287032
210.535396 106.884318
211.620172 106.898222
214.618151 106.652770
213.424117 107.924087
214.867528 109.939310
218.031263 108.021798
216.358976 110.020476
217.619300 111.992852
220.635870 111.059019
220.563638 110.661603
221.763647 112.627442
222.141571 113.928134
223.670638 112.389889
224.370962 114.096595
224.601837 113.414537
228.373287 113.526079
227.946341 115.318162
229.588971 115.526012
226.534802 114.647472
230.511735 116.257775
232.962447 117.906315
232.496834 117.082831
231.451522 119.363160
234.134027 116.453997
235.433282 118.602954
235.429654 119.493062
236.292487 118.151975
236.245698 119.636191
238.372906 120.940150
238.497359 120.791765
239.494875 123.309741
241.883027 123.226209
243.494943 123.408595
242.845781 124.257556
246.452532 121.423189
245.823512 123.347918
247.156534 123.649774
248.279046 125.597094
249.244717 125.381653
248.710592 126.057564
250.479067 125.220973
251.943773 126.790320
253.192102 128.492332
254.576244 129.305784
254.270694 127.635425
255.905079 130.383214
258.303681 129.374188
257.403126 128.479354
259.671842 130.522844
258.822211 130.665422
259.170545 131.929990
261.826007 133.631242
261.640572 133.470507
264.143640 133.082604
265.716664 134.693484
264.928938 135.318902
265.789997 133.425885
267.327440 135.736462
267.930039 135.834715
270.411883 136.154120
271.554571 135.327154
273.007587 137.113520
273.730051 136.516488
274.052032 138.877599
276.014141 138.415652
274.146468 137.903179
277.218628 140.294246
278.463124 139.387370
281.244400 140.572348
280.865514 140.584304
279.885062 142.185252
283.037673 143.822212
282.471012 140.872033
285.617302 143.264137
283.872854 142.940824
285.191155 145.161004
287.592105 144.742748
288.240477 144.178500
289.993112 145.846395
289.738866 145.815287
290.898265 145.612957
292.741377 148.392208
295.473900 148.003919
293.177519 148.200982
293.992947 147.886828
295.341037 148.166771
297.378179 148.384657
298.667241 150.795333
300.037492 150.479569
300.618953 152.803064
301.052993 151.322110
303.772483 149.491196
302.543411 154.930378
303.528546 152.439672
303.773533 154.292950
303.890060 153.200605
307.566975 154.498557
308.623925 155.126441
309.680868 154.212584
310.218085 154.433433
311.783282 156.189430
312.655324 156.462533
313.328643 158.554072
312.020301 156.132612
313.167644 159.348592
316.405187 158.297544
318.499046 159.637795
316.413179 158.980854
317.614766 161.454886
319.398880 159.828109
320.422890 160.663569
322.852970 162.477331
323.302320 162.915776
324.042975 162.051147
325.541608 162.678872
324.928095 162.925908
327.869553 165.481051
326.241175 164.851904
329.251942 164.889615
330.760980 166.254430
330.847166 165.942589
332.677018 167.849297
333.469307 167.260218
334.920985 167.093119
335.144441 169.896409
335.810301 168.156164
338.943438 169.253078
338.441619 169.196389
339.287609 170.967018
340.004562 171.326090
342.204587 170.095884
342.205564 170.008804
343.028409 174.430515
344.941137 172.993076
344.661758 174.028266
347.056900 174.014741
348.614761 173.684145
346.002241 174.251809
348.800696 175.127240
349.152629 177.337238
349.383683 176.008182
351.030698 176.525892
352.333836 177.978375
352.958942 177.179341
355.101130 179.583983
354.145473 180.799753
356.121626 180.147733
359.049565 181.323093
358.482641 180.524315
359.837633 180.394339
361.271710 181.858643
361.647685 182.132360
365.673582 182.492434
364.710303 182.537461
364.472122 183.154213
366.564558 183.198461
365.147053 184.553216
367.563585 185.280007
369.084606 186.229119
370.900753 184.674362
369.475421 187.002433
372.306391 186.060840
374.237402 187.533012
374.123568 188.273939
375.754166 190.024498
375.738024 187.269316
378.013464 188.572264
379.243680 189.410511
380.491482 189.694022
378.887401 191.956940
379.636948 192.180585
382.437824 191.856732
382.658467 194.557811
383.625465 192.809797
384.061268 192.686538
385.416381 195.709525
386.609580 193.809935
387.551779 195.714376
387.684269 196.127122
388.668705 195.869152
389.173104 197.035922
392.692865 196.312450
393.317576 197.662842
395.159116 198.128388
396.039458 198.383229
395.351703 198.962019
396.800675 200.381670
397.943856 199.158761
398.845156 201.688595
399.585093 200.341383
401.983991 201.601227
401.637294 201.261172
401.520158 202.653372
403.682983 203.318918
403.543453 204.821835
406.487204 202.433374
408.057060 203.912422
408.302222 205.219462
408.121799 202.638600
410.535555 205.657963
410.402141 206.918913
411.310319 207.671191
413.150897 206.508681
414.836830 208.474509
416.252166 207.607377
415.104726 209.313326
417.667033 210.328117
418.006509 209.764108
419.652821 212.464533
420.884584 211.084537
420.425486 211.999751
421.515896 212.238446
423.778248 213.424273
424.588138 214.377934
426.851205 211.602335
424.221316 213.077359
425.002073 214.142900
427.663599 215.250426
429.286162 214.813831
429.186686 216.793403
430.618055 215.128796
432.010307 217.204132
432.588974 218.163561
434.225782 217.787157
434.955965 218.958182
435.558583 217.945053
436.844416 219.629148
438.509428 219.969876
438.542635 221.096336
439.886472 221.807024
440.910197 221.493708
441.908139 221.078762
442.073048 221.538779
445.784830 222.799811
445.940412 223.849156
447.859280 224.927072
445.773036 224.172761
448.891646 225.288186
451.265195 225.452110
448.448136 226.444083
450.088181 226.549435
453.078046 227.308179
453.299639 227.302782
453.853578 227.896929
452.201018 228.893275
456.990247 227.702367
455.478032 230.121011
456.492477 228.320598
459.788976 229.845718
461.244903 229.707736
460.385648 231.741695
462.549349 232.467634
463.191457 232.270195
463.420783 233.480481
464.613167 233.921616
467.087706 231.750668
468.804480 233.867940
469.316458 236.551592
467.531092 235.676938
473.466260 235.785373
471.486283 236.830885
473.267902 238.090514
472.053549 237.061501
474.343221 237.941597
477.534975 238.938645
476.437518 238.162324
475.692497 240.294143
477.802736 240.649153
478.168526 241.395954
478.186514 242.566683
481.846501 241.610155
480.838898 241.602464
483.254294 243.707789
482.966458 244.295147
487.768123 243.004653
486.468766 243.342703
485.283043 245.970519
488.694137 244.489303
489.113387 245.270193
488.538267 243.117664
490.952532 246.037534
491.423354 246.154032
491.182764 246.978269
494.161436 246.938189
495.450494 248.227202
495.898546 247.570894
496.235591 249.910138
497.210067 250.161637
500.977904 251.295266
501.037367 253.360330
502.175395 251.897740
503.951249 251.095344
502.317848 254.518292
504.454343 252.957896
505.458167 253.235856
505.708015 253.613202
506.446007 253.556272
507.940152 254.425315
510.441855 255.735527
511.021377 255.860169
510.918449 257.758247
513.468534 257.032941
514.692478 257.975729
514.368530 260.192001
516.535685 259.407260
516.402260 258.461618
516.884785 261.322000
515.978493 259.363023
518.811197 260.648275
518.216120 261.529068
521.729732 260.559865
521.740713 260.786455
524.624550 262.873512
523.749108 262.074544
525.098660 265.184280
526.275259 264.353289
525.799624 264.666129
528.776162 263.618565
530.128279 267.965440
528.442083 263.933352
530.927401 267.259111
531.918336 266.841527
533.006498 266.435392
532.356085 269.581550
535.292614 267.312391
537.075937 267.702628
536.878230 270.240772
537.159282 269.650529
539.029632 272.452373
540.459024 270.600688
540.774615 271.219717
543.306725 271.715625
542.208290 272.740619
543.905354 273.793235
545.959440 274.587103
546.647169 274.632550
548.903276 273.339974
547.652691 273.304935
549.919386 275.521531
549.700660 274.278984
551.183432 276.240268
550.645211 275.842558
552.238014 277.249700
552.351237 277.818009
555.615687 278.123326
555.301965 279.304122
558.101080 279.053392
557.533288 278.564179
558.022284 281.105895
559.886345 281.764562
561.669897 281.875784
562.766653 283.523472
563.576824 282.925973
563.957069 281.757737
564.495048 283.825851
564.888577 284.468184
567.322613 284.600021
568.301435 285.023824
568.977945 285.491242
570.929455 285.909568
568.358854 286.013850
572.195970 287.959722
574.380324 286.558536
574.760868 288.237920
574.791627 288.524739
575.971909 289.140359
577.237586 288.828451
576.955000 290.965767
578.780243 291.914536
579.075813 290.405859
582.421275 292.907608
580.970999 292.206512
584.341111 293.832717
582.715105 294.618376
585.661644 293.727346
585.774424 293.034007
587.095018 294.243267
590.310131 295.190060
588.826596 295.485971
589.387262 298.071800
591.637024 296.574894
593.123267 296.966872
592.902252 296.943380
593.384501 299.604553
595.768495 298.586933
597.704359 299.023634
597.290043 298.080101
598.475274 298.552681
598.011720 301.449380
600.351224 300.127718
600.601873 301.756436
602.220025 300.288559
601.794245 300.727086
603.927508 301.278885
605.701881 302.494532
604.893573 305.790560
609.162384 303.680722
607.962950 306.963004
608.459734 307.217504
610.819808 306.055521
610.646875 308.193149
612.711050 306.367236
613.392726 306.622038
614.148945 309.531878
615.531848 307.740333
616.347984 308.302197
619.019315 307.706300
617.340492 310.771453
618.179659 310.517888
620.654535 312.257699
620.072920 311.330122
621.528328 311.885767
623.369487 311.881385
624.800115 313.426696
624.527669 313.775952
626.984227 314.993107
627.668209 314.435002
627.379901 315.224104
628.533864 315.167913
630.924815 317.447026
631.595832 318.553271
630.470750 317.022688
633.095285 319.114526
634.501273 317.676160
635.554217 319.142443
636.182625 316.972524
638.023081 316.008458
638.109490 318.448669
638.644889 321.898557
639.486525 322.917180
641.778411 321.253545
641.096468 321.504098
643.374495 320.129468
644.615062 323.279465
645.818865 325.547507
645.676256 323.019458
648.179634 325.394583
647.857069 324.406529
649.248917 324.370218
650.066095 325.362075
650.180692 327.467954
652.030349 328.351097
651.913626 327.740265
652.953819 328.618718
656.305034 329.523491
653.884618 329.681729
657.008709 329.834273
657.452587 328.349016
659.892793 329.992944
659.670209 331.168354
663.536740 333.793627
660.681339 331.525865
663.987382 330.426974
665.244026 332.684760
666.399294 332.620119
665.077528 336.314403
667.588013 334.190232
666.967036 336.103351
669.342109 333.236007
669.096714 338.970029
670.988234 334.500461
671.111985 336.580098
673.694578 337.337247
674.101577 337.982142
674.039673 339.672806
675.634727 338.536589
677.194990 339.433053
677.478470 340.127100
681.113018 341.041281
679.344915 340.130471
680.761102 339.924013
683.825751 342.204267
681.836604 342.620610
682.556482 343.582346
684.818535 343.542010
686.361842 344.853715
686.190228 343.032949
687.896104 344.177087
689.424981 343.645316
690.858575 346.306394
689.888438 346.182759
692.837863 349.426465
692.648911 348.881962
693.139345 348.206890
694.792503 348.840257
695.501888 347.578605
696.729226 349.939663
697.493856 349.815652
699.401999 351.039228
699.266407 350.731628
701.870598 351.830761
700.652103 353.547872
702.383363 351.801429
702.576405 352.890368
704.897288 353.177283
705.160413 352.339449
710.012487 356.000840
707.641008 354.885121
709.358901 355.487863
709.429640 356.934035
709.861683 358.457238
710.236771 356.676666
713.872592 357.617915
712.496945 358.921835
715.163245 357.685329
716.403710 359.756157
719.184440 359.406217
717.705794 359.495194
717.073001 361.021381
717.945589 360.730162
720.724968 362.345145
719.228819 362.918075
722.480746 361.206988
723.991282 363.233353
724.575804 362.030551
727.206420 364.197342
726.293124 365.716367
728.367170 363.732484
729.621050 363.704545
728.942161 366.151544
731.411264 366.570498
730.066973 367.818722
734.261757 368.667343
733.429670 367.606102
733.982566 368.750206
736.252125 368.228521
737.919545 370.352158
738.657126 369.246536
737.661498 371.152225
741.447217 369.709874
738.791811 372.936108
741.938328 373.177806
743.985513 371.281422
743.568122 372.165059
745.179680 374.666302
746.055986 371.899958
748.235297 374.502672
747.540463 372.896823
749.373922 375.745181
750.338579 374.921935
750.269838 375.583673
753.787553 376.179596
752.803289 376.609856
754.910749 377.987735
755.072814 379.439416
756.675237 379.785969
754.867259 379.719930
758.966286 380.349994
759.901815 382.621188
761.248587 379.876814
760.169915 381.378221
761.357409 381.921050
764.228113 381.968634
763.713895 382.772394
765.674523 384.536840
765.850537 383.682919
767.933595 385.223284
768.488185 388.266199
769.031701 385.841275
769.916469 386.616421
770.475001 387.507707
773.829102 387.085288
772.931675 386.936535
773.526426 386.296465
774.946280 387.618656
777.255891 389.155842
777.054933 390.898552
776.224352 390.329654
777.942097 389.856631
780.258441 391.891694
780.163378 392.053148
783.458409 391.144918
782.007877 392.488301
784.626911 393.001499
784.183673 393.615148
786.207069 393.555438
785.879510 394.935358
788.017089 394.637014
788.368763 394.999675
789.132807 394.959907
792.265431 396.258542
790.270969 396.511759
794.060384 396.961846
795.777338 397.220481
794.247028 397.466867
797.163839 398.419894
797.417302 397.851875
797.427325 400.659232
797.719598 400.550124
800.548403 402.778447
801.641087 402.446703
801.645745 401.421183
803.056473 401.606677
805.122078 403.775829
805.962496 404.760784
805.892081 403.422842
807.525633 405.651960
808.858379 405.945576
810.506130 405.795338
811.204097 405.988154
811.789500 405.096418
813.542106 405.225093
813.205657 407.153790
812.841017 408.335826
815.332243 409.911209
816.136863 409.577628
817.243088 410.967671
819.130554 410.010653
819.124334 412.279431
819.760528 411.857992
820.121645 410.738054
822.862783 412.648305
824.058092 411.866809
825.017989 413.171926
824.952526 415.189145
827.437044 411.748922
827.356489 413.649758
827.700449 414.365751
830.624477 416.741070
830.555281 416.703418
831.458163 417.183984
832.251290 416.821496
833.507726 417.190101
833.605630 417.730261
834.911870 418.508029
838.531796 417.776757
835.928249 419.746059
837.949389 419.269849
839.326987 421.252991
838.846278 420.592133
839.712094 421.583578
842.163799 422.682575
841.913632 422.797492
843.856692 424.391954
845.306747 422.962816
845.771068 423.463780
848.439021 423.988900
846.393165 424.798757
850.143503 426.163291
850.164084 427.785406
850.412289 426.759036
851.128166 426.212083
852.655660 428.147617
856.054127 428.798942
853.928923 428.294845
855.445557 428.707057
858.180232 429.877395
858.991574 430.603452
858.207114 431.430818
858.649612 431.799789
861.599637 432.600429
860.580258 431.796364
863.017913 432.600351
864.876357 433.700694
865.652016 433.678530
867.676010 433.674903
867.101148 433.923308
867.938472 435.725588
867.772658 435.690931
869.265182 436.788385
869.034618 434.544476
873.624294 436.850580
871.031732 435.813862
873.913078 438.307386
875.337546 439.566992
876.332942 438.926516
878.047757 441.558863
878.026693 439.759476
880.038475 439.992775
878.516920 440.893512
881.245264 441.645793
880.881915 441.403059
882.320512 443.455054
883.869199 443.649404
885.598515 443.307499
884.019201 444.362938
887.703950 443.747403
887.983083 444.558336
890.701335 445.469431
890.203918 444.952190
890.264630 445.143437
892.728586 447.607187
892.171715 450.387644
894.919135 448.405789
896.916184 446.044312
895.908937 448.975320
897.199936 448.461685
898.529367 447.782881
899.107416 450.938909
899.959007 451.364309
900.236302 452.049524
901.625362 450.340841
902.689771 451.880057
902.975409 453.504999
905.040473 453.245270
905.452264 455.676594
908.173003 454.310939
908.086573 456.512560
910.793271 456.602621
909.674153 455.417185
911.751587 455.636266
910.929124 456.644763
913.955880 457.659282
914.244942 459.124750
915.234628 457.361438
916.842094 459.476342
916.911610 459.086964
917.455417 459.975993
918.199486 459.987810
918.513325 460.481358
920.306771 462.077652
923.454967 463.035485
924.046823 463.176211
924.546595 463.749989
924.270161 464.333202
924.801450 464.618773
926.167587 463.529505
927.546489 463.697292
929.015975 466.610659
929.750626 466.495702
931.162037 467.711821
931.841684 467.292971
935.467714 468.646234
933.066157 469.119792
934.075773 468.509907
936.289367 469.870003
936.602738 470.037858
939.769737 468.094515
937.923252 471.694941
939.706052 470.961822
941.923935 473.723061
940.698105 471.091009
942.922500 472.500510
944.106855 472.687535
946.219647 472.590439
946.203977 474.989747
947.375200 473.877874
948.120555 474.682604
948.400316 476.853154
949.802332 475.421998
950.244030 476.621199
950.504159 475.353841
953.192897 476.210230
953.600151 478.775403
955.922150 480.044536
954.990438 479.856706
957.325287 480.752439
958.220159 480.815197
960.139422 480.088289
959.538935 479.670951
960.912500 481.855446
961.256861 482.072031
962.643597 482.068308
964.779328 483.816325
966.148304 482.415040
965.863878 484.655092
965.706539 486.426740
968.233252 484.454978
970.032812 485.877137
970.109255 485.319812
969.234608 485.536432
971.354367 487.452528
973.614498 486.714699
974.828176 488.667417
974.874499 487.548771
976.892040 488.870278
975.986515 489.752287
978.523585 488.538370
980.866406 488.350948
978.364763 492.224019
981.325174 491.071087
982.011596 492.731318
982.131977 493.428160
984.697317 492.954850
985.191211 492.871237
985.143387 493.611287
988.028508 494.260280
987.548377 494.020733
987.866553 495.522121
991.040239 497.231484
991.560179 496.190961
991.632396 497.365633
993.937439 498.474244
991.881076 497.953535
994.033219 498.028751
997.735227 498.222470
995.316203 499.677027
997.875522 499.584445
999.879458 501.066128
1000.375917 500.723046
1001.350099 501.208693
